Ex1 : 0.000407225 s
Ex2 : 0.00010719 s
Ex3 : 0.000208235 s
Ex4 : 4.58715 s
